1.614591641371344172e-02
2.408515580989028723e-02
5.621910181060923994e-02
8.999205154575552756e-02
1.208364029357105185e-01
5.307384423607389157e-02
6.170391040412197964e-02
1.430516927664066129e-02
0.000000000000000000e+00
1.891958618193329000e-02
5.690906613694813460e-02
1.000000000000000000e+00
7.603106832576382590e-02
3.229082202191294604e-01
2.918444513489943520e-02
2.967491749053657521e-02
5.008561770683930825e-02
3.149946884105771922e-02
4.411609984179341859e-02
3.450093284983810765e-02
4.472928944037583149e-02
3.856340262752644410e-02
3.296524602470482512e-02
1.203206121512917920e-01
3.917081625715865961e-02
3.866452441892736375e-02
3.318472338777861408e-02
3.303766322008997586e-02
3.384406521158288966e-02
3.890896859263285462e-02
5.465540344213899032e-02
3.558911105490923654e-02
3.972802506052452304e-02
3.685094338704120176e-02
3.809577475064852836e-02
3.580651213917533660e-02
3.959855688745082813e-02
7.852556104023113159e-02
3.297772714750540207e-02
3.849512740374447239e-02
4.035818393081942734e-02
3.857410434525147119e-02
3.507303785244180599e-02
3.884512565963340464e-02
5.401595897652917977e-02
5.663373528303134591e-02
6.010718622349962847e-02
5.554831281591252751e-02
5.550838329546789462e-02
