3.402012295526747609e-02
6.406098183925258704e-02
1.617333689833979835e-02
2.064178210477661535e-02
2.156468256954184592e-02
2.189683471832444203e-02
2.218484601234464032e-02
7.445619812195591707e-03
3.270876381672823546e-02
5.700420463536316068e-02
2.113008967760823115e-02
2.263466601762052430e-02
2.210351956899286180e-02
2.351223236228495300e-02
1.670312085137874714e-02
0.000000000000000000e+00
5.864184343921752252e-02
2.480133280029344581e-03
2.265152192405035791e-03
2.669058920662435372e-03
3.907998328702129084e-03
2.175786982877295564e-02
3.989635560176109375e-02
7.964842538704187958e-02
6.105918475639944554e-02
6.141010747596130359e-02
2.501755171883628028e-03
2.447232873208991365e-03
2.197759237840175590e-03
3.586054969329116517e-03
2.164709430752190591e-02
2.228555194263793365e-02
6.167752570594361994e-02
3.427576387386375902e-03
3.746684612624329429e-03
2.886696135847317130e-03
3.592034234329437390e-03
2.336387119441567933e-02
2.372634554595876369e-03
6.136637310569560688e-02
4.257141204954911773e-02
4.210047771639326836e-02
2.918221557491444424e-03
3.887256118728560361e-03
2.200936462334932009e-02
2.270108931699003213e-02
4.292898210976336254e-02
4.176162198910764872e-02
1.000000000000000000e+00
