0.000000000000000000e+00
4.015198290422006822e-01
7.212306919013373729e-01
8.915135389833415136e-01
9.710900001321862707e-01
9.925886514181132547e-01
9.584832250759424133e-01
1.899261385910727407e-01
2.187842096041675011e-01
8.413136522180875154e-01
8.987380028989704339e-01
9.567771202221647675e-01
9.817077138862337904e-01
9.668311634081306893e-01
3.752245047624329644e-01
3.814621631706642257e-01
8.938613685514824603e-01
4.419765791341105365e-01
4.424952166302503764e-01
4.574480229656958663e-01
4.527134912309258019e-01
4.413892900774968320e-01
4.298923789808141716e-01
9.372906042507793689e-01
4.561198345289046996e-01
4.760140119759400656e-01
4.545904264676060569e-01
4.510587028397290421e-01
4.491398230187343965e-01
4.769269231941616338e-01
9.961464900999227323e-01
4.697475555011599857e-01
4.850687334605157108e-01
4.835608857954948880e-01
4.597912499535542485e-01
4.421713557105174108e-01
4.706439403358396723e-01
9.817964481613680183e-01
4.572865892633369844e-01
4.514372580903854293e-01
4.614323235509925070e-01
4.648091417388030000e-01
4.533431894798765627e-01
4.541877851484761863e-01
9.786330060969348210e-01
1.000000000000000000e+00
9.864844712937467230e-01
9.713364373155004561e-01
9.711713944934957654e-01
