1.110923359649233916e-01
1.715847580023996677e-01
1.980356993222407991e-01
6.416697403300580804e-02
6.724476027030250325e-02
6.771866782444281585e-02
6.741318715250019245e-02
0.000000000000000000e+00
9.712009264901878824e-03
2.022613295835186675e-01
6.605825858406977336e-02
6.786190298651186004e-02
6.693414448046873522e-02
6.866936800798785490e-02
1.715896216768294028e-02
2.161636759444664213e-02
2.089771449837718731e-01
6.239650114044593965e-02
2.844308209158259021e-02
2.574466353500540206e-02
2.760946703581355563e-02
2.293639003954485445e-02
2.468486931632727852e-02
2.085149240300941398e-01
2.527664189266954492e-02
2.771799191436166709e-02
2.644143927346656944e-02
2.601896003149795772e-02
2.557486232891592604e-02
9.764847606533236246e-02
2.112952552966503583e-01
2.607392561221956451e-02
2.809788140533772335e-02
2.757797919113765678e-02
2.770040489953878166e-02
2.696552438996959594e-02
2.860322997339459841e-02
2.123175929617161228e-01
2.616718864133439279e-02
2.847121461673273596e-02
1.020343665788167042e-01
6.429994747768902341e-02
2.920746574397898102e-02
2.693165874572926027e-02
2.124211587104948840e-01
2.118991265644487587e-01
2.119932760219717105e-01
2.134344082633172213e-01
1.000000000000000000e+00
