2.246214273104878492e-02
1.789403684050971943e-01
2.625315543279494457e-01
1.880452682670301079e-01
1.997911291431736514e-01
2.092694466920712870e-01
2.092635692291474059e-01
0.000000000000000000e+00
2.493669724080416900e-02
2.795121656376337582e-01
1.972202625063582959e-01
2.085797196391003250e-01
2.084453676368295261e-01
2.099109115375901446e-01
5.498168464069129457e-02
6.492783131480663050e-02
2.970628017755827521e-01
7.473060373644312138e-02
8.453078624838235300e-02
8.530482002851383361e-02
7.588674150674719343e-02
7.496761753367671421e-02
7.696089894271797294e-02
3.046122961298488585e-01
8.166015418038448381e-02
8.129899010943306137e-02
7.675627875568451219e-02
8.756018366705307920e-02
7.771223200802186704e-02
7.534025750180234349e-02
3.085143372783145654e-01
8.693602537901168326e-02
7.828162912967787102e-02
8.396943973301332353e-02
8.313252320820889441e-02
8.384354463239526711e-02
8.658382403174093300e-02
3.056396078240585790e-01
7.833189300877264893e-02
8.052304139321102283e-02
8.509453420759498232e-02
8.484415894621818999e-02
8.044206440625020771e-02
8.779892315568871286e-02
3.073898437764382985e-01
3.065688389610881082e-01
3.110180360676772504e-01
3.031585167407805925e-01
1.000000000000000000e+00
