2.321009656124827999e-02
4.296881178146168961e-02
3.343895835369210812e-02
4.026664090117367673e-02
4.225512845642333953e-02
7.230169596869837068e-02
7.180763351146282614e-02
1.285135402879011152e-02
5.169245299744837374e-02
9.209974984679440702e-02
7.018161162023872635e-02
7.115659169227625536e-02
7.203245468964548925e-02
7.344459380714810082e-02
0.000000000000000000e+00
1.968473141952629870e-03
6.604223456146639248e-02
9.157858550024839533e-03
9.949342943340355391e-03
1.069666792411345241e-02
3.964207801102915402e-02
7.811542993179637802e-03
7.015539943543265544e-03
7.065619075101660373e-02
7.515014706226265384e-03
9.773428566459905695e-03
8.334749399905286640e-03
3.957510960525897209e-02
8.810781340170961012e-03
8.467057161294354664e-03
6.998833037302031046e-02
1.020794764651708139e-02
9.351210894844799379e-03
9.866535763779906570e-03
3.647960368056533953e-02
9.809755834956027792e-03
9.768217111813637388e-03
7.168494681258316681e-02
1.104273526182823761e-02
1.024692924927257491e-02
9.216232086103637658e-03
3.794683110713021473e-02
1.025672439969016470e-02
8.059900687077995243e-03
7.198355074264957409e-02
7.203981346043145106e-02
7.052860896321304363e-02
7.029907173190938496e-02
1.000000000000000000e+00
