3.716858204439023317e-02
2.183027578250489736e-02
5.550512970757980752e-02
7.627815619304337269e-02
7.810557853965575947e-02
8.060872567703537828e-02
8.212854209172897046e-02
7.267016219430472157e-02
9.609146239721509664e-02
1.222638637613553542e-01
7.188498893134684375e-02
8.024739604960574868e-02
7.942983187489204011e-02
7.772317353526873862e-02
5.307491811096310547e-02
5.454920451723231645e-02
1.936335347558346409e-01
3.214652728144451119e-03
7.575747075526420050e-03
8.068598201731138481e-03
8.433471379803521642e-03
0.000000000000000000e+00
1.030438484789278440e-03
1.971811236205761320e-01
4.974133622321871492e-03
4.585618309867240013e-03
5.242461982563230774e-03
1.115134858294189457e-02
9.241713332643839915e-03
3.759738808318254227e-03
1.978827129788036931e-01
6.758274229564617541e-02
7.159498381833100111e-02
9.835558060510252512e-03
4.408198165326266890e-03
7.901989678240685724e-03
3.707408556380221119e-03
1.398860463151936073e-01
8.625083200868220029e-03
7.392257483046023314e-02
6.168881345136437849e-03
1.013678476581813571e-02
1.037795068178711325e-02
1.071510839509808022e-02
1.364434932815925261e-01
1.399286685481897219e-01
2.063658383044752465e-01
2.022362380671295368e-01
1.000000000000000000e+00
