0.000000000000000000e+00
1.197467375580605758e-01
7.884550074134870357e-02
9.671464969955680113e-02
1.005740050520331913e-01
1.071974021913890407e-01
1.035953235444892900e-01
3.676092285283488748e-02
1.640805122311020381e-01
8.198032306491198629e-02
1.029315353886236656e-01
1.027716263913552586e-01
1.055983515931103317e-01
1.132572044432703096e-01
7.049795517645508769e-02
1.750375002059738894e-01
1.832631708391329328e-01
1.063502112611916933e-01
1.084451241658790921e-01
1.117894680968087306e-01
1.143423418662947444e-01
1.021342726882191326e-01
9.614028653230523302e-02
2.047433632172474538e-01
1.942775302727703934e-01
2.063524047088864943e-01
9.755591964551797723e-02
1.137799593755369210e-01
1.029100548803150994e-01
1.007911181751619395e-01
9.832361724879515319e-02
1.092974809385386104e-01
2.034350939995045460e-01
2.061378981604388427e-01
9.543873283659631834e-02
1.067530823313964927e-01
1.065770834259997663e-01
1.067911301560533349e-01
1.135632391443477801e-01
1.085874192897375856e-01
2.021806981696735728e-01
2.037545817333449305e-01
1.088592320374478506e-01
9.606632176831550463e-02
1.081683841110665650e-01
1.083381857909479773e-01
9.928210314224021615e-02
9.778031323255000073e-02
1.000000000000000000e+00
