4.387779523261277348e-02
1.509752503444314886e-01
2.842814547826099658e-01
3.515387662454262374e-01
2.265662709775295158e-01
2.335572630122133009e-01
2.334354830330359620e-01
2.429476400459685409e-02
0.000000000000000000e+00
3.292386062349653142e-01
3.677290958316890013e-01
2.311181429708621116e-01
2.307000204487714978e-01
2.388468468944955070e-01
4.148475282964902977e-02
1.916935199105459509e-01
3.710941546016096049e-01
5.536194017829373232e-02
6.858208735120699395e-02
5.793477703269829526e-02
6.587057745087425420e-02
5.367969971012225006e-02
2.066519214048279096e-01
3.745195519070500523e-01
5.598519403609401174e-02
6.672629448666030083e-02
6.138889072020140697e-02
5.947313513850938094e-02
6.050649210540249429e-02
6.125041793193166523e-02
3.876556433598970508e-01
2.112291173951737211e-01
2.198838765858169009e-01
6.598015783474245333e-02
6.646087832950349494e-02
6.433308761122666364e-02
7.104261202508516115e-02
2.405016828915622906e-01
6.010535058250936202e-02
2.214943861548754889e-01
7.447877355714657699e-02
6.643721024095949890e-02
7.325850325508963257e-02
6.364617953056862787e-02
2.409871069628768681e-01
2.386556139964119416e-01
3.907520082383968418e-01
3.967988815944579750e-01
1.000000000000000000e+00
