0.000000000000000000e+00
1.133696376493744662e-01
7.396569100643804462e-02
9.140676508100663289e-02
9.564597472703177672e-02
1.025237325775514435e-01
9.902549896692212916e-02
3.330077453330482912e-02
1.591622375240178133e-01
7.766055426216765534e-02
9.779497128061633016e-02
9.787400229618316294e-02
1.009105005302923241e-01
1.087310962792103486e-01
6.691715472209615323e-02
1.713077554967383509e-01
7.979980564651195651e-02
1.016148181590615651e-01
1.037061991921137544e-01
1.071748177064719421e-01
1.098464783927209087e-01
9.783319557256583976e-02
9.177833102451288250e-02
1.008391261179293341e-01
8.993436163521670301e-02
1.019567193332938521e-01
9.295234486218703629e-02
1.093310454792074116e-01
9.808941380352265149e-02
9.592529700152513383e-02
9.358361193273875833e-02
1.046790616487530551e-01
1.993403848721403693e-01
2.021073668320946259e-01
9.094161258661954961e-02
1.021305854411539982e-01
1.019339498890040052e-01
1.021887795049818137e-01
1.090423266923092466e-01
1.040854626424264906e-01
1.981643587511305593e-01
1.998072977827158869e-01
1.043419258719958248e-01
9.148042279751590622e-02
1.036625700401708344e-01
1.038697644006541798e-01
9.480404277684223446e-02
9.331413425409361417e-02
1.000000000000000000e+00
